DangerType: Rain
WaveSpeed: 0.5
WaveLength: 0.75
WaveAmplitude: 0.04601168
SecondWaveLength: 0.1666667
SecondWaveAmplitude: 0
Clouds: 0.8695652
EffectColorA: 11
EffectColorB: 2
Effects: LightRain-0.3478261-20-20, AboveCloudsView-1-30-30, 
PlacedObjects: CustomDecal><179.1662><34.63876><-114~526~745~518~233~-7~33~-306~0~1~0~rustb2~0.2717391~1~0.2717391~1~0.2717391~1~0.2717391~1, CustomDecal><654.3143><274.1758><-49~361~553~312~560~-131~-197~-506~0~1~0~rustb3~0.456522~1~0.456522~1~0.456522~1~0.456522~1, CustomDecal><649.7159><335.3029><-5~189~538~218~439~-73~-273~-25~0~1~0~greybubbly~0.3695652~0.6086956~0.3695652~0.6086956~0.3695652~0.6086956~0.3695652~0.6086956, CustomDecal><33.13028><451.3398><-92~219~956~312~1175~158~0~0~0~1~0~rustb1~0.2934783~1~0.2934783~1~0.2934783~1~0.2934783~1, CustomDecal><314.8354><1132.864><12~247~906~222~801~13~578~-672~0~1~0~rustb2~0.2826087~1~0.2826087~1~0.2826087~1~0.2826087~1, CustomDecal><383.3115><1158.683><-37~200~461~156~359~15~0~0~0~1~0~crudebubblyb&w~0.1956522~0.5326089~0.1956522~0.5326089~0.1956522~0.5326089~0.1956522~0.5326089, CustomDecal><1626.675><835.9023><-24~172~810~397~937~-15~-386.0006~16~0~1~0~rustb2~0.326087~1~0.326087~1~0.326087~1~0.326087~1, CustomDecal><2006.814><837.927><-15~159~349~146~435~1~0~0~0~1~0~iraf~0.2173913~0.326087~0.2173913~0.326087~0.2173913~0.326087~0.2173913~0.326087, CustomDecal><1664.742><1160.8><-52~179~469~175~486~-6~-381~-88~0~1~0~greysnoopy~0.1956522~0.7608696~0.1956522~0.7608696~0.1956522~0.7608696~0.1956522~0.7608696, CustomDecal><2278.077><182.8152><-118~540~579~560~346~-110~0~0~0~1~0~rustb1~0.3695652~1~0.3695652~1~0.3695652~1~0.3695652~1, CustomDecal><1374.323><181.0938><-137~520~587~610~583~117~0~0~0~1~0~rust2~0.2717391~1~0.2717391~1~0.2717391~1~0.2717391~1, CustomDecal><1558.564><354.4263><-66~188~473~298~255~-19~0~0~0~1~0~rabbit~0.326087~0.6304348~0.326087~0.6304348~0.326087~0.6304348~0.326087~0.6304348, 
AmbientSounds: OMNI><am_env-natwind.ogg><696.6777><208.6583><0.3586957><0.6869565, OMNI><so_wat-splashes.ogg><742.2545><552.05><0.25><1, OMNI><am_win-nicewnd.ogg><736.1209><231.4027><0.2934783><1, OMNI><am_ind-utility02.ogg><699.3013><178.7728><0.2173913><1, 
FadePalette: 10, 0.3043478, 0.326087, 0.3804348, 0.3913043, 0.3695652, 0.3586957
MorePalette0: 33, 0.2173913, 0.3913043, 0.5217391, 0.3586957, 0.2391304, 0.1630435
MorePalette1: 10006, 0, 0.01086957, 0.0326087, 0.0326087, 0.01086957, 0
