Clouds: 0.1521739
Palette: 10007
Effects: Fog-0-70-70, 
AmbientSounds: OMNI><am_wat-shoreline.ogg><199.3745><160.1557><0.2282609><1, 
FadePalette: 2, 0.3478261, 0.4021739, 0.4347826, 0.4673913, 0.5108696, 0.5652174, 0.5978261
MorePalette0: 15, 0.01086957, 0.0326087, 0.06521739, 0.1086956, 0.1304348, 0.1195652, 0.1521739
