Palette: 10006
EffectColorA: 11
EffectColorB: 2
Effects: WaterDepth-0.06959929-372.425-312.7556, MossWater-1-314.5834-62.7111, LightRain-0.09782609-90-90, Fog-0-70-70, SkyAndLightBloom-0.01086957-80-80, 
PlacedObjects: CGDrySpot><2095.943><271.3335><100~50~1032.01^331.1111~True~None, Vine><427.1986><1011.523><165~-156, Vine><1707.672><1070.147><355~-294, BlinkingFlower><1594.945><818.2975><, BlinkingFlower><1623.115><878.0864><, BlinkingFlower><1317.675><893.0974><, BlinkingFlower><1204.11><816.8932><, BlinkingFlower><1858.801><855.0117><, BlinkingFlower><2631.808><334.8074><, BlinkingFlower><2327.101><313.3832><, BlinkingFlower><2439.63><431.0978><, BlinkingFlower><521.8231><807.5933><, BlinkingFlower><214.6295><1048.66><, 
AmbientSounds: OMNI><am_wat-sea02.ogg><677.1953><276.2934><0.2717391><1, 
FadePalette: 2, 0.1847375, 0.2608696, 0.2652057, 0.3488113
MorePalette0: 54, 0.25, 0.3152174, 0.2826087, 0.3152174
BackgroundOffset: 0,900
