Template: NONE
WaveSpeed: 0.5260103
WaveLength: 1
WaveAmplitude: 0.3878632
SecondWaveLength: 0.1666664
SecondWaveAmplitude: 0
Clouds: 0.8994678
Grime: 0.2525359
WaterReflectionAlpha: 1
Palette: 10006
EffectColorA: 11
EffectColorB: 2
Effects: AboveCloudsView-1-27.86563-91.18542, SkyAndLightBloom-0.01546644-20-20, ReplaceEffectColorB-0.03866643-829.6791-377.9031-Color-1-0-0.4277417, Brightness-0.01546677-284.702-93.31981, RedSwarmer-0.4098617-222.8052-26.44271, SkyDandelions-0.4717288-952.05-581.3802, RockFlea-0.4562612-30-30, ButterfliesA-0.1391973-1032.484-281.8958, ReflectiveWater-0.7810569-516.6771-510.9854-Alpha:59.77476-LerpAngle:100-Alpha:59.77476-LerpAngle:100-Alpha:59.77476-LerpAngle:100, MossWater-1-40-40, 
PlacedObjects: CustomDecal><-119.0806><89.0643><-19.92083~563.6334~1204.657~371.5396~535.175~-204.1885~269.6423~261.8166~0~0.3968068~1~rust3~0.3170617~1~0.3170617~1~0.3170617~1~0.3170617~1, CustomDecal><1249.518><-21.90459><244.7417~619.8386~1008.295~713.0396~1012.564~-32.01563~332.9626~214.1489~0~1~1~rust3~0.4896048~0.7912027~0.3272075~1~0.2266759~1~0.3272075~1, CustomDecal><-108.6931><310.3723><149.4063~179.4459~617.7042~187.9833~501.7364~-60.47409~640.3125~-135.8885~0~1~1~candytag~0.5154658~0.5799932~0.5464~0.796524~0.4845342~0.9821213~0.2989356~0.7578576, CustomDecal><-140.117><327.9924><-120.9479~52.80627~322.4489~244.8998~405.6896~-56.9166~727.8218~-19.92075~0~1~0.9975878~badskin~0.5773309~0.2861295~0.4226665~0.3170637~0.2680021~1~0.4536~0.7887898, CustomDecal><1827.356><351.6159><110.2761~208.6157~553.673~57.78647~506.7166~-92.48956~-436.8354~-352.8834~0~1~0.9072007~greenrounded(hue inv)~0.6082658~0.4407946~0.430402~0.4639952~0.6469322~1~0.2216027~0.3557288, CustomDecal><1608.572><312.158><-36.28442~138.1812~335.2552~239.2083~510.2739~4.980225~-460.3137~4.268677~0~1~1~pink tag~0.956261~0.0850651~0.4458668~0.2474641~0.5231997~0.5824054~0.7706634~0.6829366, 
AmbientSounds: OMNI><am_env-pasture.ogg><766.9241><205.3328><0.1847826><1, OMNI><am_env-lightwind.ogg><705.2078><262.2419><0.2834692><1, OMNI><am_wat-sea01.ogg><705.5356><319.9468><0.3043478><1, OMNI><am_ind-utility02.ogg><711.6973><176.4674><0.4130435><1, 
FadePalette: 54, 0.2266756, 0.2165307
MorePalette0: 2, 0.1086956, 0.07608695
BackgroundOffset: -5000,800
BackgroundType: atc_tm
