Clouds: 0.8804348
Grime: 0.4021739
Effects: SkyDandelions-0-114-140, LightRain-0.3695652-309-61, Fog-0.3478261-30-30, Bloom-0-28-0, RockFlea-0.2608696-20-20, 
PlacedObjects: OEsphere><5844.3><356.5108><-12~83~50~86.60254~16~1, CustomDecal><-137.4336><108.6707><-21~467~516~613~587~-130~0~0~0~1~0~rustb2~0.2499999~1~0.2499999~1~0.2499999~1~0.2499999~1, CustomDecal><208.1854><-9.439285><133~444~453~672~818~82~25~-282~0~1~0~rustb3~0.173913~1~0.173913~1~0.173913~1~0.173913~1, CustomDecal><1954.4><-15.6322><-77~543~1119~631~1037~-24~0~0~0~1~0~rustb3~0.2826087~1~0.2826087~1~0.2826087~1~0.2826087~1, CustomDecal><1033.345><-1.324112><-136~504~933~614~716~-39~0~0~0~1~0~rustb1~0.3043478~1~0.3043478~1~0.3043478~1~0.3043478~1, CustomDecal><3072.552><25.5311><-122~389~1129~616~1077~9~0~0~0~1~0~rustb3~0.2282609~1~0.2282609~1~0.2282609~1~0.2282609~1, CustomDecal><4734.193><-33.69933><-135~684~502~757~670~87~0~0~0~1~0~rustb1~0.2173913~1~0.2173913~1~0.2173913~1~0.2173913~1, CustomDecal><5509.566><35.57901><-181~539~537~587~622~128~0~0~0~1~0~rustb3~0.2065217~1~0.2065217~1~0.2065217~1~0.2065217~1, FirecrackerPlant><1329.632><513.0889><0~0~2~3, FirecrackerPlant><178.7057><456.695><0~0~2~3, FirecrackerPlant><529.1995><537.9855><0~0~2~3, FirecrackerPlant><1832.703><475.9443><0~0~2~3, 
AmbientSounds: OMNI><am_nat-forestrain.ogg><440.8148><323.0755><0.3369565><1, OMNI><so_wat-splashes.ogg><181.0153><363.0506><0.1630435><1.176087, OMNI><am_env-natwind.ogg><309.9266><196.064><0.3913043><0.6673913, 
FadePalette: 2, 0.1956522, 0.2391304, 0.2826087, 0.326087, 0.3695652, 0.423913
MorePalette0: 33, 0.8804348, 0.8260869, 0.7717391, 0.7173913, 0.6630435, 0.6413044
MorePalette1: 10, 0.2391304, 0.2065217, 0.1956522, 0.1521739, 0.1195652, 0.09782609
MorePalette2: 14, 0.1956522, 0.1630435, 0.1195652, 0.08695652, 0.05434782, 0
BackgroundOffset: 0,530
