Template: NONE
WaveSpeed: 0.5760869
WaveLength: 0.5652174
WaveAmplitude: 0.09782609
SecondWaveLength: 0.1666667
SecondWaveAmplitude: 0.1086956
Clouds: 0.1521739
Grime: 0.326087
Palette: 10007
EffectColorA: 11
EffectColorB: 2
Effects: Fog-0-71-143, Bloom-0.5978261-84-190, SkyDandelions-0.5-20-20, FireFlies-0.2934783-35-71, Flies-0.07608695-42-102, 
PlacedObjects: CustomDecal><1362.893><4784.64><-121~676~491~693~410~-5~237~-325~0~1~0~rustb3~0.2717391~1~0.2717391~1~0.2717391~1~0.2717391~1, CustomDecal><2229.35><4822.882><-150~669~520~699~852~-30~444~-356~0~1~0~rustb3~0.2934783~1~0.2934783~1~0.2934783~1~0.2934783~1, CustomDecal><2966.05><4776.505><-238~753~475~751~482~-16~-551~-313~0~1~0~rustb3~0.2717391~1~0.2717391~1~0.2717391~1~0.2717391~1, DandelionPatch><2435.552><4950.219><-51~141, DandelionPatch><1186.942><4963.305><-23~106, DandelionPatch><859.1324><4963.838><-12~97, CustomDecal><210.9154><4779.681><-60~644~364~739~1080~35~0~0~0~1~0~rustb3~0.3152174~1~0.3152174~1~0.3152174~1~0.3152174~1, CustomDecal><986.9042><4803.926><-266~689~526~725~520~-31~0~0~0~1~0~rustb2~0.2608696~1~0.2608696~1~0.2608696~1~0.2608696~1, CustomDecal><2011.916><4767.112><-140~595~334~709~333~20~0~0~0~1~0~rustb1~0.2717391~1~0.2717391~1~0.2717391~1~0.2717391~1, CustomDecal><1518.827><4860.65><-23~112~78~113~95~-1~418~-34~0.2065217~1~0~uwshelter~0.7934783~0.1086956~0.7934783~0.1086956~0.7934783~0.1086956~0.7934783~0.1086956, PlacedWind><1205.472><4769.802><-14~750~1282~720~1271~-1~0.2831951~Creatures~Horizontal, DandelionPeach><744.3395><366.6307><0~0~2~3, DandelionPeach><650.6828><397.9188><0~0~2~3, DandelionPeach><2707.198><5047.024><0~0~2~3, 
AmbientSounds: OMNI><am_ind-utility02.ogg><604.4425><458.0584><0.2065217><1, OMNI><am_env-wallhum.ogg><760.6223><314.5961><0.4130435><1, OMNI><am_win-nicewnd.ogg><745.4245><210.6522><0.3152174><1, OMNI><am_win-medwind.ogg><545.2712><208.4489><0.2934783><1, 
FadePalette: 2, 0.3804348, 0.4021739, 0.4347826, 0.3913043, 0.3586957, 0.3586957, 0.3586957, 0.3804348, 0.4347826, 0.4891304
