WaveSpeed: 0.5
WaveLength: 0.75
WaveAmplitude: 0.049979
SecondWaveLength: 0.5144925
SecondWaveAmplitude: 0.3478261
Effects: Fog-0-111-130, Bloom-0-85-126, SkyAndLightBloom-0.02173913-20-20, TinyDragonFly-0.07608695-30-30, ButterfliesB-0.25-315-52, 
PlacedObjects: LightBeam><339.8007><160.2663><84~374~246~374~95~-60~-228~-169~0.247826~0~0.5~1~None~0~0, BlinkingFlower><444.826><367.0986><, BlinkingFlower><186.5529><363.7163><, BlinkingFlower><773.6989><324.5215><, BlinkingFlower><544.8411><317.1214><, 
AmbientSounds: OMNI><am_nat-forestrain.ogg><198.5594><236.441><0.3586957><1, OMNI><am_ind-utility02.ogg><603.4425><465.0584><0.1195652><1, OMNI><AM_ENV-LightWind.ogg><703.3448><518.6761><0.5><1, 
