WaveSpeed: 0.5543478
WaveAmplitude: 0.423913
SecondWaveAmplitude: 0.3478261
Effects: Fog-0-70-70, Bloom-0-80-80, SkyAndLightBloom-0.02173913-20-20, MossWater-1-90-90, WaterGlowworm-0.3043478-100-100, TinyDragonFly-0.07608695-110-110, ButterfliesB-0.04347826-120-120, LightRain-0.2065217-130-130, 
PlacedObjects: BlinkingFlower><31.41693><83.18193><, BlinkingFlower><189.2325><66.19923><, BlinkingFlower><1008.051><104.772><, BlinkingFlower><857.1403><69.89253><, BlinkingFlower><394.185><59.43913><, BlinkingFlower><686.4499><83.94362><, JellyFish><340.5789><18.35361><0~0~2~3, JellyFish><770.6425><10.60962><0~0~2~3, DangleFruit><190.813><299.6789><0~0~2~3, DangleFruit><262.0866><342.3846><0~0~2~3, DangleFruit><843.9255><290.1856><0~0~2~3, DangleFruit><775.8113><312.6838><0~0~2~3, CustomDecal><459.4448><-31.05777><-171~671~148~557~235~-12~0~0~0~1~0~rustb1~0.1413043~1~0.1413043~1~0.1413043~1~0.1413043~1, CustomDecal><-183.3675><495.3502><-11~221~462~222~466~-45~0~0~0~1~0~rust3~0.3478261~1~0.3478261~1~0.3478261~1~0.3478261~1, CustomDecal><811.9499><484.5071><-4~233~338~233~349~-3~0~0~0~1~0~cityred~0.1521739~1~0.1521739~1~0.1521739~1~0.1521739~1, CustomDecal><841.8667><514.351><-1~197~320~190~322~-30~0~0~0~1~0~blackrust1~0.1956522~1~0.1956522~1~0.1956522~1~0.1956522~1, CustomDecal><638.7983><372.0559><-9~83~518~112~427~-253~0~0~0~1~0~rustb1~0.5~1~0.5~1~0.5~1~0.5~1, CustomDecal><444.6354><434.5861><148~53~229~-482~39~-412~-149~-156~0~1~0~candytag~0.1630435~0.2173833~0.1630435~0.2173833~0.1630435~0.2173833~0.1630435~0.2173833, 
AmbientSounds: OMNI><am_nat-forestrain.ogg><421.8328><226.3598><0.5><1, OMNI><am_wat-sea01.ogg><245.9442><338.7979><0.3152174><1, OMNI><AM_ENV-LightWind.ogg><41.13654><215.3353><0.5><1, 
FadePalette: 2, 0.3043478
BackgroundOffset: 0,700
