WaveSpeed: 0.5543478
WaveAmplitude: 0.4347826
SecondWaveAmplitude: 0.3478261
Palette: 10007
Effects: Bloom-0-289-0, Fog-0-271-0, LightRain-0.2065217-40-40, MossWater-1-98-138, WaterGlowworm-0.3152174-30-30, SkyAndLightBloom-0.01086957-313-67, 
PlacedObjects: GlowWeed><1507.909><666.6284><0~0~2~3, GlowWeed><1636.409><756.8218><0~0~2~3, CustomDecal><2296.67><1286.067><-192~396~367~249~318~-12~0~0~0~1~0~greenpink~0.08695652~1~0.08695652~1~0.08695652~1~0.08695652~1, CustomDecal><1902.825><1264.154><-30~253~272~249~305~22~207~-133~0~1~0~candytag~0.08695652~1~0.08695652~1~0.08695652~1~0.08695652~1, CustomDecal><841.5305><770.0524><217~752~1026~488~298~-9~123~119~0~1~0~rustb3~0.2391304~1~0.2391304~1~0.2391304~1~0.2391304~1, CustomDecal><-5.050018><792.9978><-120~479~189~482~40~0~0~0~0~1~0~blackrust1~0.6521739~1~0.6521739~1~0.6521739~1~0.6521739~1, CustomDecal><713.1346><772.8521><-102~482~130~418~81~5~-450~161~0~1~0~rust3~0.2282609~1~0.2282609~1~0.2282609~1~0.2282609~1, CustomDecal><1041.05><759.0078><-172~24~233~468~270~182~433~249~0~1~0~purpleandwhitebubbly~0.2065217~0.6304348~0.2065217~0.6304348~0.2065217~0.6304348~0.2065217~0.6304348, CustomDecal><1352.876><1066.157><114~125~34~258~-122~100~0~0~0~1~0~barnacle~0.2934783~0.1086956~0.2934783~0.1086956~0.2934783~0.1086956~0.2934783~0.1086956, 
AmbientSounds: OMNI><am_wat-sea01.ogg><239.6459><241.8868><0.3152174><1, OMNI><am_nat-forestrain.ogg><296.1623><135.9297><0.5><1, OMNI><AM_ENV-LightWind.ogg><718.0502><524.4908><0.5><1, 
FadePalette: 2, 0.3695652, 0.3043478, 0.3043478, 0.3043478
BackgroundOffset: 0,720
