WaveSpeed: 0.5543478
WaveAmplitude: 0.4130435
SecondWaveAmplitude: 0.3152174
Effects: Fog-0-361-54, SkyAndLightBloom-0.02173913-71-134, Bloom-0-30-30, WaterGlowworm-0.3152174-20-20, LightRain-0.2065217-82-98, MossWater-1-40-40, 
PlacedObjects: DandelionPeach><594.8658><556.587><0~0~2~3, DandelionPeach><661.2426><542.1998><0~0~2~3, DandelionPeach><2732.6><540.6318><0~0~2~3, BlinkingFlower><2118.808><209.6927><, BlinkingFlower><1989.624><175.6551><, BlinkingFlower><2354.899><272.3661><, BlinkingFlower><3074.649><172.6726><, BlinkingFlower><2711.826><280.5986><, BlinkingFlower><2839.887><287.3547><, BlinkingFlower><2464.972><200.9481><, BlinkingFlower><3172.764><240.3005><, BlinkingFlower><2685.445><550.5426><, BlinkingFlower><1021.182><215.1682><, BlinkingFlower><941.3178><172.5825><, BlinkingFlower><1652.677><215.6568><, BlinkingFlower><1755.7><190.5074><, BlinkingFlower><1638.561><81.56606><, BlinkingFlower><1361.151><279.8262><, BlinkingFlower><1366.175><96.34685><, BlinkingFlower><1276.932><133.5831><, BlinkingFlower><1631.963><510.5535><, BlinkingFlower><1699.186><606.9276><, BlinkingFlower><255.9174><300.3179><, BlinkingFlower><232.1459><104.6132><, BlinkingFlower><-67.64801><118.8845><, BlinkingFlower><-94.56229><280.681><, BlinkingFlower><610.6806><324.664><, BlinkingFlower><675.4375><162.0695><, BlinkingFlower><552.0579><141.3057><, ColouredLightSource><2052.446><277.211><100~50~FF06FF~130^163~0.7391304~True~0.7065217~0~0.5~Always~0~100, ColouredLightSource><2414.105><287.3875><100~50~FF00FF~108^89~0.7391304~True~0.6847826~0~0.5~Always~0~100, ColouredLightSource><2779.679><335.0881><100~50~FF0000~124^3~0.6739131~True~0.7065217~0~0.5~Always~0~100, ColouredLightSource><2772.821><260.563><100~50~FFFF35~106^114~0.6956522~False~0.7065217~0~0.5~Always~0~100, ColouredLightSource><2754.39><179.6669><113~-198~00FF00~39^138~0.6521739~True~0.8804348~0~0.5~Always~0~100, ColouredLightSource><2674.559><116.3078><100~50~0000FF~68^122~0.7282609~True~0.7065217~0~0.5~Always~0~100, ColouredLightSource><2054.184><122.4217><100~50~0000FF~207^85~0.6630435~True~0.6847826~0~0.5~Always~0~100, ColouredLightSource><2418.055><138.7035><100~50~0000FF~121^109~0.6847826~True~0.6630435~0~0.5~Always~0~100, CustomDecal><2145.689><21.80951><-96~381~273~388~158~-66~0~0~0~1~0~greenrounded(hue inv)~0.5~1~0.5~1~0.5~1~0.5~1, CustomDecal><2865.699><43.23276><-31~357~208~348~149~-59~-270~-5~0~0.3369565~0~greenrounded(hue inv)~0.1086956~1~0.1086956~1~0.1086956~1~0.1086956~1, CustomDecal><1852.43><523.6874><-40~175~725~183~758~-44~-360~-49.99998~0~1~0~rustb3~0.5~1~0.5~1~0.5~1~0.5~1, CustomDecal><2804.016><522.4493><-1~186~367~179~384~5~0~0~0~1~0~greenpink~0.2608696~0.3043478~0.2608696~0.3043478~0.2608696~0.3043478~0.2608696~0.3043478, CustomDecal><845.8223><489.5917><-2~219~734~221~723~-5~13~-358~0~1~0~cityred~0.09782609~1~0.09782609~1~0.09782609~1~0.09782609~1, CustomDecal><850.6953><520.9568><-22~183~704~186~726~-16~0~0~0~1~0~blackrust1~0.4021739~0~0.4021739~0~0.4021739~0~0.4021739~0, CustomDecal><1107.141><33.60762><-44~445~502~440~452~-40~570~-31.00002~0~1~0~purplerain~0.2065217~1~0.2065217~1~0.2065217~1~0.2065217~1, CustomDecal><391.5082><5.550171><-77~433~160~474~80~-14~0~0~0~1~0~blackrust1~0.5~1~0.5~1~0.5~1~0.5~1, CustomDecal><750.8402><22.62964><-55~454~111~394~88~-34~0~0~0~1~0~rust2~0.3043478~1~0.3043478~1~0.3043478~1~0.3043478~1, CustomDecal><-169.345><521.3763><-20~188~688~166~711~6~188~-346~0~1~0~hugeshiny~0.07608695~0.5~0.07608695~0.5~0.07608695~0.5~0.07608695~0.5, 
AmbientSounds: OMNI><am_wat-sea01.ogg><163.4112><349.4292><0.3152174><1, OMNI><am_nat-forestrain.ogg><143.955><183.0551><0.5><1, 
FadePalette: 2, 0.2934783, 0.2934783, 0.2934783
BackgroundOffset: 0,825
