WaveSpeed: 0.5543478
WaveAmplitude: 0.4347826
SecondWaveAmplitude: 0.3478261
Effects: Bloom-0-76-108, Fog-0-76-113, SkyAndLightBloom-0.02173913-20-20, MossWater-1-40-40, LightRain-0.2173913-70-70, WaterGlowworm-0.3043478-80-80, TinyDragonFly-0.0326087-90-90, ButterfliesB-0.08695652-117-141, 
PlacedObjects: LightBeam><1896.245><131.7><105~388~234~317~358~1~238~85~0.3021738~0~0~1~None~0~0, DandelionPeach><2361.53><541.0523><0~0~2~3, DandelionPeach><496.2612><536.4497><0~0~2~3, ClimbablePoleV><3450.578><89.89798><0^-1, ClimbablePoleV><-224.3016><239.7749><0^0, ClimbablePoleV><311.4495><119.9862><0^-1, Rainbow><-215.5054><310.8001><0~100~208~1~1,1,1,1,0.5,0, Rainbow><494.1998><264.2589><352~322~0~0~0.8043478,0.8043478,0.8043478,0.8043478,0.5,0.497826, Rainbow><2486.943><402.6916><-3~406~0~0~0.5,0.5,0.5,0.5,0.6521739,0.497826, BlinkingFlower><2016.139><157.6663><, BlinkingFlower><2686.986><138.6995><, BlinkingFlower><2619.233><124.8007><, BlinkingFlower><1484.855><197.0801><, BlinkingFlower><1653.592><219.6276><, BlinkingFlower><1324.045><167.3051><, BlinkingFlower><949.9202><130.4334><, BlinkingFlower><785.3374><67.61646><, CustomDecal><2835.55><446.5028><-1~247~864~272~877~52~101~-127~0~1~0~cityred~0.1413043~1~0.1413043~1~0.1413043~1~0.1413043~1, CustomDecal><2893.821><530.0631><8~170~776~216~776~-9~558~-114~0~1~0~rustb2~0.3913043~1~0.3913043~1~0.3913043~1~0.3913043~1, CustomDecal><3946.896><519.3629><11~198~278~195~300~-3~99~-359~0~1~0~rust2~0.2826087~1~0.2826087~1~0.2826087~1~0.2826087~1, CustomDecal><3407.566><414.5796><-4~61~822~57~826~-19~229~-53.99998~0~1~0~rust2~0.3586957~1~0.3586957~1~0.3586957~1~0.3586957~1, CustomDecal><3772.356><0.8887482><-48~445~150~468~87~-17~0~0~0~1~0~blackrust1~0.5~1~0.5~1~0.5~1~0.5~1, CustomDecal><2774.752><-10.05><-79~269~157~277~197~-33~-203~4.000015~0~1~0~lizardhead~0.08695652~1~0.08695652~1~0.08695652~1~0.08695652~1, CustomDecal><1007.807><489.5529><6~233~976~261~1180~-17~0~0~0~1~0~rustb2~0.4130435~1~0.4130435~1~0.4130435~1~0.4130435~1, CustomDecal><267.7611><-24.55031><-69~490~148~486~89~-18~0~0~0~1~0~blackrust1~0.5~1~0.5~1~0.5~1~0.5~1, CustomDecal><-177.9461><486.5392><-14~218~355~213~571~-6~0~0~0~1~0~rust3~0.3369565~1~0.3369565~1~0.3369565~1~0.3369565~1, CustomDecal><1099.665><562.1371><-23~151~280~156~207~-13~0~0~0~1~0~trainlogo~0.4565217~0.2934783~0.4565217~0.2934783~0.4565217~0.2934783~0.4565217~0.2934783, CustomDecal><1410.443><557.9469><-42~158~419~99~436~-51~-298~-404~0~1~0~crudegrey~0.2608696~0.4456522~0.2608696~0.4456522~0.2608696~0.4456522~0.2608696~0.4456522, CustomDecal><2906.563><507.1898><-50~162~470~187~556~29~104~-449~0~1~0~purpleandwhitebubbly~0.2065217~0.8260869~0.2065217~0.8260869~0.2065217~0.8260869~0.2065217~0.8260869, CustomDecal><3244.791><511.0542><-50~167~434~203~406~28~0~0~0~1~0~rabbit~0.2608696~0.5978261~0.2608696~0.5978261~0.2608696~0.5978261~0.2608696~0.5978261, 
AmbientSounds: OMNI><AM_NAT-ForestRain.ogg><172.6201><184.09><0.5><1, OMNI><AM_WAT-Sea01.ogg><100.6721><275.6019><0.3043478><1, OMNI><AM_ENV-LightWind.ogg><-18.37732><373.3458><0.5><1, 
FadePalette: 2, 0.3695652, 0.3043478, 0.3043478, 0.3586957
BackgroundOffset: 0,825
